   2.10000000   1.40000000 -614.67907623     0.71361       0.11726      -0.09758
   2.10000000   1.42000000 -614.67997679     0.70546       0.11725      -0.07178
   2.10000000   1.44000000 -614.68045241     0.69441       0.11675      -0.04591
   2.10000000   1.46000000 -614.68055033     0.68868       0.11712      -0.02101
   2.10000000   1.48000000 -614.68031761     0.68181       0.11728       0.00350
   2.10000000   1.50000000 -614.67979491     0.67554       0.11750       0.02754
   2.10000000   1.52000000 -614.67901947     0.67007       0.11784       0.05111
   2.10000000   1.54000000 -614.67802520     0.66466       0.11823       0.07694
   2.10000000   1.56000000 -614.67684276     0.66068       0.11876       0.09933
   2.10000000   1.58000000 -614.67549982     0.65745       0.11940       0.12132
   2.10000000   1.60000000 -614.67402148     0.65550       0.12030       0.14183
   2.10000000   1.62000000 -614.67243057     0.65364       0.12116       0.16350
   2.10000000   1.64000000 -614.67074791     0.65256       0.12215       0.18484
   2.10000000   1.66000000 -614.66899264     0.65226       0.12328       0.20590
   2.10000000   1.68000000 -614.66718243     0.65278       0.12454       0.22669
   2.10000000   1.70000000 -614.66533364     0.65414       0.12595       0.24720
   2.10000000   1.72000000 -614.66346204     0.65508       0.12725       0.26742
   2.10000000   1.74000000 -614.66158030     0.65957       0.12919       0.28732
   2.10000000   1.76000000 -614.65970349     0.66254       0.13085       0.30681
   2.10000000   1.78000000 -614.65784255     0.66769       0.13285       0.32604
   2.10000000   1.80000000 -614.65600890     0.67390       0.13502       0.34488
   2.10000000   1.82000000 -614.65421184     0.68118       0.13737       0.36334
   2.10000000   1.84000000 -614.65245866     0.68963       0.13989       0.38140
   2.10000000   1.86000000 -614.65075470     0.69929       0.14259       0.39905
   2.10000000   1.88000000 -614.64910399     0.71025       0.14545       0.41638
   2.10000000   1.90000000 -614.64750949     0.72247       0.14852       0.43329
   2.12000000   1.40000000 -614.67829079     0.70920       0.11466      -0.13059
   2.12000000   1.42000000 -614.67920967     0.70114       0.11470      -0.10417
   2.12000000   1.44000000 -614.67970509     0.69009       0.11416      -0.07897
   2.12000000   1.46000000 -614.67982345     0.68456       0.11454      -0.05439
   2.12000000   1.48000000 -614.67961219     0.67787       0.11469      -0.03026
   2.12000000   1.50000000 -614.67911210     0.67177       0.11490      -0.00660
   2.12000000   1.52000000 -614.67836048     0.66602       0.11506       0.01621
   2.12000000   1.54000000 -614.67739137     0.66156       0.11550       0.03901
   2.12000000   1.56000000 -614.67623553     0.65786       0.11606       0.06144
   2.12000000   1.58000000 -614.67492074     0.65418       0.11668       0.08622
   2.12000000   1.60000000 -614.67347224     0.65195       0.11743       0.10750
   2.12000000   1.62000000 -614.67191298     0.65104       0.11844       0.12706
   2.12000000   1.64000000 -614.67026393     0.65025       0.11945       0.14808
   2.12000000   1.66000000 -614.66854437     0.65027       0.12060       0.16880
   2.12000000   1.68000000 -614.66677214     0.65115       0.12189       0.18922
   2.12000000   1.70000000 -614.66496435     0.65159       0.12307       0.20932
   2.12000000   1.72000000 -614.66313480     0.65565       0.12492       0.22929
   2.12000000   1.74000000 -614.66129982     0.65802       0.12645       0.24880
   2.12000000   1.76000000 -614.65947098     0.66392       0.12862       0.26819
   2.12000000   1.78000000 -614.65766265     0.66840       0.13049       0.28704
   2.12000000   1.80000000 -614.65588454     0.67540       0.13279       0.30561
   2.12000000   1.82000000 -614.65414658     0.68339       0.13524       0.32384
   2.12000000   1.84000000 -614.65245623     0.69260       0.13788       0.34169
   2.12000000   1.86000000 -614.65081903     0.70311       0.14070       0.35922
   2.12000000   1.88000000 -614.64923868     0.71494       0.14376       0.37622
   2.12000000   1.90000000 -614.64771884     0.72802       0.14698       0.39308
   2.14000000   1.40000000 -614.67742907     0.70363       0.11182      -0.16346
   2.14000000   1.42000000 -614.67836700     0.69614       0.11195      -0.13746
   2.14000000   1.44000000 -614.67888244     0.68529       0.11140      -0.11289
   2.14000000   1.46000000 -614.67902169     0.67996       0.11178      -0.08868
   2.14000000   1.48000000 -614.67883239     0.67351       0.11193      -0.06498
   2.14000000   1.50000000 -614.67835544     0.66764       0.11214      -0.04172
   2.14000000   1.52000000 -614.67762827     0.66255       0.11245      -0.01888
   2.14000000   1.54000000 -614.67668502     0.65823       0.11287       0.00359
   2.14000000   1.56000000 -614.67555657     0.65425       0.11326       0.02517
   2.14000000   1.58000000 -614.67427083     0.65159       0.11394       0.04691
   2.14000000   1.60000000 -614.67285316     0.64971       0.11475       0.06836
   2.14000000   1.62000000 -614.67132666     0.64780       0.11561       0.09204
   2.14000000   1.64000000 -614.66971246     0.64748       0.11664       0.11225
   2.14000000   1.66000000 -614.66803002     0.64837       0.11793       0.13101
   2.14000000   1.68000000 -614.66629795     0.64826       0.11897       0.15093
   2.14000000   1.70000000 -614.66453127     0.65185       0.12071       0.17086
   2.14000000   1.72000000 -614.66274767     0.65371       0.12211       0.19021
   2.14000000   1.74000000 -614.66095980     0.65917       0.12419       0.20964
   2.14000000   1.76000000 -614.65918329     0.66315       0.12597       0.22841
   2.14000000   1.78000000 -614.65742932     0.66968       0.12817       0.24704
   2.14000000   1.80000000 -614.65570975     0.67721       0.13055       0.26536
   2.14000000   1.82000000 -614.65403424     0.68597       0.13312       0.28332
   2.14000000   1.84000000 -614.65241040     0.69600       0.13590       0.30091
   2.14000000   1.86000000 -614.65084389     0.70741       0.13887       0.31821
   2.14000000   1.88000000 -614.64933861     0.72015       0.14206       0.33511
   2.14000000   1.90000000 -614.64789780     0.73425       0.14550       0.35168
   2.16000000   1.40000000 -614.67649923     0.69824       0.10900      -0.19691
   2.16000000   1.42000000 -614.67745656     0.69049       0.10907      -0.17126
   2.16000000   1.44000000 -614.67799233     0.67988       0.10852      -0.14733
   2.16000000   1.46000000 -614.67815292     0.67533       0.10900      -0.12357
   2.16000000   1.48000000 -614.67798609     0.66911       0.10914      -0.10030
   2.16000000   1.50000000 -614.67753289     0.66347       0.10935      -0.07746
   2.16000000   1.52000000 -614.67683083     0.65863       0.10967      -0.05502
   2.16000000   1.54000000 -614.67591419     0.65456       0.11009      -0.03294
   2.16000000   1.56000000 -614.67481396     0.65125       0.11064      -0.01120
   2.16000000   1.58000000 -614.67355821     0.64871       0.11131       0.01020
   2.16000000   1.60000000 -614.67217242     0.64664       0.11195       0.03069
   2.16000000   1.62000000 -614.67067985     0.64589       0.11291       0.05148
   2.16000000   1.64000000 -614.66910183     0.64512       0.11396       0.07489
   2.16000000   1.66000000 -614.66745797     0.64603       0.11516       0.09439
   2.16000000   1.68000000 -614.66576713     0.64685       0.11634       0.11199
   2.16000000   1.70000000 -614.66404446     0.65086       0.11812       0.13161
   2.16000000   1.72000000 -614.66230799     0.65418       0.11976       0.15103
   2.16000000   1.74000000 -614.66057102     0.65929       0.12171       0.16994
   2.16000000   1.76000000 -614.65884796     0.66537       0.12383       0.18856
   2.16000000   1.78000000 -614.65715172     0.67107       0.12585       0.20612
   2.16000000   1.80000000 -614.65549391     0.67936       0.12834       0.22409
   2.16000000   1.82000000 -614.65388441     0.68894       0.13104       0.24174
   2.16000000   1.84000000 -614.65233107     0.69990       0.13394       0.25910
   2.16000000   1.86000000 -614.65083941     0.71224       0.13707       0.27606
   2.16000000   1.88000000 -614.64941363     0.72598       0.14045       0.29269
   2.16000000   1.90000000 -614.64805685     0.74112       0.14408       0.30904
   2.18000000   1.40000000 -614.67550846     0.69279       0.10615      -0.23086
   2.18000000   1.42000000 -614.67648552     0.68524       0.10623      -0.20570
   2.18000000   1.44000000 -614.67704203     0.67481       0.10567      -0.18238
   2.18000000   1.46000000 -614.67722444     0.66996       0.10607      -0.15896
   2.18000000   1.48000000 -614.67708065     0.66468       0.10634      -0.13622
   2.18000000   1.50000000 -614.67665179     0.65928       0.10655      -0.11382
   2.18000000   1.52000000 -614.67597554     0.65468       0.10687      -0.09179
   2.18000000   1.54000000 -614.67508629     0.65087       0.10730      -0.07011
   2.18000000   1.56000000 -614.67401517     0.64784       0.10786      -0.04876
   2.18000000   1.58000000 -614.67279038     0.64559       0.10854      -0.02773
   2.18000000   1.60000000 -614.67143758     0.64414       0.10934      -0.00701
   2.18000000   1.62000000 -614.66998020     0.64350       0.11029       0.01340
   2.18000000   1.64000000 -614.66843975     0.64372       0.11137       0.03348
   2.18000000   1.66000000 -614.66683673     0.64362       0.11227       0.05242
   2.18000000   1.68000000 -614.66518767     0.64693       0.11397       0.07259
   2.18000000   1.70000000 -614.66351205     0.64873       0.11528       0.09127
   2.18000000   1.72000000 -614.66182437     0.65308       0.11706       0.10992
   2.18000000   1.74000000 -614.66014027     0.65944       0.11921       0.12891
   2.18000000   1.76000000 -614.65847391     0.66617       0.12142       0.14714
   2.18000000   1.78000000 -614.65683848     0.67416       0.12384       0.16504
   2.18000000   1.80000000 -614.65524586     0.68344       0.12646       0.18262
   2.18000000   1.82000000 -614.65370622     0.69408       0.12930       0.19995
   2.18000000   1.84000000 -614.65222735     0.70427       0.13203       0.21611
   2.18000000   1.86000000 -614.65081510     0.71762       0.13534       0.23274
   2.18000000   1.88000000 -614.64947360     0.73242       0.13891       0.24906
   2.18000000   1.90000000 -614.64820589     0.74865       0.14274       0.26514
   2.20000000   1.40000000 -614.67446344     0.68730       0.10328      -0.26532
   2.20000000   1.42000000 -614.67546061     0.67995       0.10337      -0.24066
   2.20000000   1.44000000 -614.67603828     0.66975       0.10281      -0.21798
   2.20000000   1.46000000 -614.67624302     0.66510       0.10321      -0.19497
   2.20000000   1.48000000 -614.67612282     0.65938       0.10337      -0.17265
   2.20000000   1.50000000 -614.67571897     0.65506       0.10373      -0.15078
   2.20000000   1.52000000 -614.67506926     0.65072       0.10405      -0.12919
   2.20000000   1.54000000 -614.67420822     0.64717       0.10449      -0.10793
   2.20000000   1.56000000 -614.67316713     0.64442       0.10506      -0.08699
   2.20000000   1.58000000 -614.67197436     0.64248       0.10576      -0.06635
   2.20000000   1.60000000 -614.67065571     0.64136       0.10659      -0.04602
   2.20000000   1.62000000 -614.66923483     0.64108       0.10756      -0.02598
   2.20000000   1.64000000 -614.66773414     0.64025       0.10837      -0.00664
   2.20000000   1.66000000 -614.66617169     0.64323       0.10992       0.01312
   2.20000000   1.68000000 -614.66456852     0.64465       0.11105       0.03120
   2.20000000   1.70000000 -614.66294046     0.64823       0.11273       0.05034
   2.20000000   1.72000000 -614.66130443     0.65299       0.11455       0.06859
   2.20000000   1.74000000 -614.65967581     0.65895       0.11658       0.08651
   2.20000000   1.76000000 -614.65806910     0.66724       0.11904       0.10476
   2.20000000   1.78000000 -614.65649776     0.67600       0.12155       0.12223
   2.20000000   1.80000000 -614.65497394     0.68614       0.12429       0.13938
   2.20000000   1.82000000 -614.65350808     0.69772       0.12726       0.15628
   2.20000000   1.84000000 -614.65210810     0.71075       0.13049       0.17282
   2.20000000   1.86000000 -614.65077993     0.72358       0.13366       0.18823
   2.20000000   1.88000000 -614.64952765     0.73950       0.13742       0.20421
   2.20000000   1.90000000 -614.64835418     0.75687       0.14146       0.21998
   2.22000000   1.40000000 -614.67337039     0.68178       0.10039      -0.30028
   2.22000000   1.42000000 -614.67438807     0.67463       0.10049      -0.27613
   2.22000000   1.44000000 -614.67498735     0.66467       0.09992      -0.25410
   2.22000000   1.46000000 -614.67521496     0.66023       0.10033      -0.23151
   2.22000000   1.48000000 -614.67511895     0.65473       0.10049      -0.20968
   2.22000000   1.50000000 -614.67474080     0.64984       0.10072      -0.18824
   2.22000000   1.52000000 -614.67411839     0.64674       0.10122      -0.16720
   2.22000000   1.54000000 -614.67328642     0.64347       0.10167      -0.14639
   2.22000000   1.56000000 -614.67227633     0.64102       0.10225      -0.12588
   2.22000000   1.58000000 -614.67111664     0.63939       0.10297      -0.10567
   2.22000000   1.60000000 -614.66983338     0.63861       0.10382      -0.08574
   2.22000000   1.62000000 -614.66845113     0.63722       0.10451      -0.06657
   2.22000000   1.64000000 -614.66698974     0.63971       0.10594      -0.04679
   2.22000000   1.66000000 -614.66547195     0.64037       0.10699      -0.02828
   2.22000000   1.68000000 -614.66391502     0.64358       0.10850      -0.00968
   2.22000000   1.70000000 -614.66233726     0.64776       0.11018       0.00855
   2.22000000   1.72000000 -614.66075535     0.65312       0.11206       0.02638
   2.22000000   1.74000000 -614.65918500     0.65974       0.11417       0.04383
   2.22000000   1.76000000 -614.65764103     0.66772       0.11651       0.06095
   2.22000000   1.78000000 -614.65613722     0.67818       0.11929       0.07840
   2.22000000   1.80000000 -614.65468613     0.68924       0.12214       0.09513
   2.22000000   1.82000000 -614.65329817     0.70183       0.12526       0.11150
   2.22000000   1.84000000 -614.65198162     0.71592       0.12865       0.12757
   2.22000000   1.86000000 -614.65074238     0.73150       0.13232       0.14337
   2.22000000   1.88000000 -614.64958442     0.74721       0.13599       0.15815
   2.22000000   1.90000000 -614.64851037     0.76573       0.14023       0.17359
   2.24000000   1.40000000 -614.67223514     0.67624       0.09747      -0.33573
   2.24000000   1.42000000 -614.67327376     0.66929       0.09758      -0.31211
   2.24000000   1.44000000 -614.67389397     0.66201       0.09749      -0.29011
   2.24000000   1.46000000 -614.67414575     0.65558       0.09750      -0.26847
   2.24000000   1.48000000 -614.67407486     0.65006       0.09761      -0.24721
   2.24000000   1.50000000 -614.67372315     0.64541       0.09784      -0.22629
   2.24000000   1.52000000 -614.67312887     0.64161       0.09817      -0.20570
   2.24000000   1.54000000 -614.67232688     0.63865       0.09864      -0.18543
   2.24000000   1.56000000 -614.67134880     0.63762       0.09943      -0.16543
   2.24000000   1.58000000 -614.67022335     0.63632       0.10017      -0.14567
   2.24000000   1.60000000 -614.66897762     0.63420       0.10066      -0.12668
   2.24000000   1.62000000 -614.66763333     0.63635       0.10202      -0.10701
   2.24000000   1.64000000 -614.66621532     0.63634       0.10291      -0.08860
   2.24000000   1.66000000 -614.66474172     0.64032       0.10458      -0.06956
   2.24000000   1.68000000 -614.66323419     0.64258       0.10588      -0.05195
   2.24000000   1.70000000 -614.66170912     0.64735       0.10760      -0.03411
   2.24000000   1.72000000 -614.66018396     0.65340       0.10956      -0.01671
   2.24000000   1.74000000 -614.65867482     0.66076       0.11175       0.00028
   2.24000000   1.76000000 -614.65719688     0.66956       0.11418       0.01689
   2.24000000   1.78000000 -614.65576428     0.67987       0.11687       0.03316
   2.24000000   1.80000000 -614.65438978     0.69277       0.12003       0.04974
   2.24000000   1.82000000 -614.65308416     0.70641       0.12331       0.06558
   2.24000000   1.84000000 -614.65185577     0.72162       0.12686       0.08114
   2.24000000   1.86000000 -614.65071046     0.73725       0.13048       0.09570
   2.24000000   1.88000000 -614.64965194     0.75553       0.13462       0.11089
   2.24000000   1.90000000 -614.64868246     0.77522       0.13906       0.12600
   2.26000000   1.40000000 -614.67106318     0.67069       0.09453      -0.37166
   2.26000000   1.42000000 -614.67212317     0.66394       0.09464      -0.34859
   2.26000000   1.44000000 -614.67276597     0.65689       0.09456      -0.32715
   2.26000000   1.46000000 -614.67304172     0.65068       0.09458      -0.30605
   2.26000000   1.48000000 -614.67299631     0.64540       0.09470      -0.28532
   2.26000000   1.50000000 -614.67267172     0.64099       0.09493      -0.26491
   2.26000000   1.52000000 -614.67210637     0.63745       0.09528      -0.24483
   2.26000000   1.54000000 -614.67133528     0.63477       0.09575      -0.22505
   2.26000000   1.56000000 -614.67039027     0.63423       0.09659      -0.20564
   2.26000000   1.58000000 -614.66930024     0.63327       0.09735      -0.18635
   2.26000000   1.60000000 -614.66809253     0.63154       0.09787      -0.16794
   2.26000000   1.62000000 -614.66678906     0.63314       0.09907      -0.14895
   2.26000000   1.64000000 -614.66541500     0.63370       0.10002      -0.13119
   2.26000000   1.66000000 -614.66398869     0.63902       0.10192      -0.11213
   2.26000000   1.68000000 -614.66253229     0.64178       0.10324      -0.09504
   2.26000000   1.70000000 -614.66106224     0.64727       0.10506      -0.07773
   2.26000000   1.72000000 -614.65959658     0.65399       0.10710      -0.06083
   2.26000000   1.74000000 -614.65815173     0.66212       0.10938      -0.04435
   2.26000000   1.76000000 -614.65674327     0.67176       0.11192      -0.02827
   2.26000000   1.78000000 -614.65538570     0.68302       0.11472      -0.01256
   2.26000000   1.80000000 -614.65409208     0.69596       0.11782       0.00283
   2.26000000   1.82000000 -614.65287339     0.71062       0.12123       0.01796
   2.26000000   1.84000000 -614.65173801     0.72787       0.12513       0.03355
   2.26000000   1.86000000 -614.65069165     0.74496       0.12897       0.04771
   2.26000000   1.88000000 -614.64973766     0.76444       0.13330       0.06248
   2.26000000   1.90000000 -614.64887772     0.78528       0.13792       0.07728
   2.28000000   1.40000000 -614.66985970     0.66549       0.09157      -0.40849
   2.28000000   1.42000000 -614.67094150     0.65857       0.09168      -0.38555
   2.28000000   1.44000000 -614.67160743     0.65175       0.09161      -0.36469
   2.28000000   1.46000000 -614.67190773     0.64578       0.09163      -0.34416
   2.28000000   1.48000000 -614.67188846     0.64073       0.09176      -0.32397
   2.28000000   1.50000000 -614.67159176     0.63657       0.09200      -0.30409
   2.28000000   1.52000000 -614.67105621     0.63330       0.09235      -0.28453
   2.28000000   1.54000000 -614.67031699     0.63091       0.09284      -0.26527
   2.28000000   1.56000000 -614.66940613     0.62942       0.09348      -0.24630
   2.28000000   1.58000000 -614.66835368     0.62710       0.09385      -0.22832
   2.28000000   1.60000000 -614.66718388     0.62919       0.09514      -0.20927
   2.28000000   1.62000000 -614.66592406     0.62925       0.09594      -0.19192
   2.28000000   1.64000000 -614.66459443     0.63329       0.09756      -0.17344
   2.28000000   1.66000000 -614.66321879     0.63553       0.09876      -0.15668
   2.28000000   1.68000000 -614.66181505     0.64058       0.10047      -0.13957
   2.28000000   1.70000000 -614.66040265     0.64738       0.10252      -0.12229
   2.28000000   1.72000000 -614.65899938     0.65483       0.10465      -0.10594
   2.28000000   1.74000000 -614.65762210     0.66378       0.10703      -0.09001
   2.28000000   1.76000000 -614.65628675     0.67433       0.10968      -0.07449
   2.28000000   1.78000000 -614.65500821     0.68658       0.11261      -0.05936
   2.28000000   1.80000000 -614.65379985     0.70061       0.11586      -0.04457
   2.28000000   1.82000000 -614.65267279     0.71644       0.11942      -0.03004
   2.28000000   1.84000000 -614.65163536     0.73401       0.12331      -0.01568
   2.28000000   1.86000000 -614.65069296     0.75321       0.12751      -0.00137
   2.28000000   1.88000000 -614.64984843     0.77388       0.13202       0.01300
   2.28000000   1.90000000 -614.64910261     0.79582       0.13682       0.02753
   2.30000000   1.40000000 -614.66862961     0.65994       0.08856      -0.44545
   2.30000000   1.42000000 -614.66973371     0.65360       0.08869      -0.42350
   2.30000000   1.44000000 -614.67042330     0.64702       0.08863      -0.40323
   2.30000000   1.46000000 -614.67074879     0.64129       0.08866      -0.38327
   2.30000000   1.48000000 -614.67075636     0.63649       0.08880      -0.36362
   2.30000000   1.50000000 -614.67048833     0.63260       0.08905      -0.34428
   2.30000000   1.52000000 -614.66998345     0.62960       0.08943      -0.32522
   2.30000000   1.54000000 -614.66927712     0.62707       0.08991      -0.30608
   2.30000000   1.56000000 -614.66840249     0.62407       0.09013      -0.28847
   2.30000000   1.58000000 -614.66738646     0.62560       0.09130      -0.26957
   2.30000000   1.60000000 -614.66625877     0.62487       0.09194      -0.25247
   2.30000000   1.62000000 -614.66504173     0.62832       0.09343      -0.23417
   2.30000000   1.64000000 -614.66376102     0.62987       0.09447      -0.21775
   2.30000000   1.66000000 -614.66243619     0.63440       0.09605      -0.20097
   2.30000000   1.68000000 -614.66108815     0.63998       0.09782      -0.18445
   2.30000000   1.70000000 -614.65973611     0.64694       0.09982      -0.16832
   2.30000000   1.72000000 -614.65839829     0.65592       0.10221      -0.15203
   2.30000000   1.74000000 -614.65709196     0.66574       0.10469      -0.13670
   2.30000000   1.76000000 -614.65583351     0.67726       0.10746      -0.12180
   2.30000000   1.78000000 -614.65463819     0.69056       0.11053      -0.10728
   2.30000000   1.80000000 -614.65351960     0.70573       0.11393      -0.09310
   2.30000000   1.82000000 -614.65248895     0.72276       0.11766      -0.07916
   2.30000000   1.84000000 -614.65155439     0.74156       0.12172      -0.06534
   2.30000000   1.86000000 -614.65072083     0.76198       0.12610      -0.05150
   2.30000000   1.88000000 -614.64999035     0.78379       0.13078      -0.03747
   2.30000000   1.90000000 -614.64936275     0.80674       0.13573      -0.02313
   2.32000000   1.40000000 -614.66737762     0.65437       0.08553      -0.48287
   2.32000000   1.42000000 -614.66850451     0.64806       0.08566      -0.46134
   2.32000000   1.44000000 -614.66921833     0.64171       0.08560      -0.44168
   2.32000000   1.46000000 -614.66956963     0.63622       0.08564      -0.42232
   2.32000000   1.48000000 -614.66960477     0.63167       0.08579      -0.40327
   2.32000000   1.50000000 -614.66936623     0.62804       0.08605      -0.38451
   2.32000000   1.52000000 -614.66889295     0.62533       0.08643      -0.36604
   2.32000000   1.54000000 -614.66822150     0.62162       0.08649      -0.34881
   2.32000000   1.56000000 -614.66738180     0.62257       0.08754      -0.33005
   2.32000000   1.58000000 -614.66640630     0.62090       0.08803      -0.31298
   2.32000000   1.60000000 -614.66531972     0.62375       0.08939      -0.29486
   2.32000000   1.62000000 -614.66414980     0.62460       0.09027      -0.27879
   2.32000000   1.64000000 -614.66291798     0.62828       0.09168      -0.26219
   2.32000000   1.66000000 -614.66164682     0.63314       0.09330      -0.24596
   2.32000000   1.68000000 -614.66035699     0.63937       0.09514      -0.23010
   2.32000000   1.70000000 -614.65906814     0.64727       0.09725      -0.21472
   2.32000000   1.72000000 -614.65779894     0.65655       0.09960      -0.19965
   2.32000000   1.74000000 -614.65656713     0.66803       0.10237      -0.18443
   2.32000000   1.76000000 -614.65538952     0.68056       0.10527      -0.17018
   2.32000000   1.78000000 -614.65428171     0.69498       0.10849      -0.15632
   2.32000000   1.80000000 -614.65325751     0.71133       0.11204      -0.14275
   2.32000000   1.82000000 -614.65232807     0.72962       0.11589      -0.12957
   2.32000000   1.84000000 -614.65150119     0.74958       0.12014      -0.11595
   2.32000000   1.86000000 -614.65078107     0.77119       0.12473      -0.10260
   2.32000000   1.88000000 -614.65016877     0.79406       0.12957      -0.08881
   2.32000000   1.90000000 -614.64966276     0.81793       0.13464      -0.07453
   2.34000000   1.40000000 -614.66610815     0.64860       0.08246      -0.52054
   2.34000000   1.42000000 -614.66725834     0.64269       0.08260      -0.49979
   2.34000000   1.44000000 -614.66799697     0.63658       0.08255      -0.48077
   2.34000000   1.46000000 -614.66837476     0.63133       0.08260      -0.46203
   2.34000000   1.48000000 -614.66843821     0.62704       0.08276      -0.44358
   2.34000000   1.50000000 -614.66823001     0.62368       0.08303      -0.42542
   2.34000000   1.52000000 -614.66778929     0.62126       0.08343      -0.40754
   2.34000000   1.54000000 -614.66715285     0.61788       0.08350      -0.39101
   2.34000000   1.56000000 -614.66635086     0.61917       0.08458      -0.37273
   2.34000000   1.58000000 -614.66541605     0.61816       0.08509      -0.35668
   2.34000000   1.60000000 -614.66437342     0.62113       0.08649      -0.33869
   2.34000000   1.62000000 -614.66325111     0.62249       0.08741      -0.32336
   2.34000000   1.64000000 -614.66207089     0.62672       0.08887      -0.30742
   2.34000000   1.66000000 -614.66085571     0.63220       0.09056      -0.29184
   2.34000000   1.68000000 -614.65962672     0.63913       0.09248      -0.27668
   2.34000000   1.70000000 -614.65840402     0.64762       0.09465      -0.26192
   2.34000000   1.72000000 -614.65720675     0.65799       0.09713      -0.24767
   2.34000000   1.74000000 -614.65605315     0.66994       0.09989      -0.23372
   2.34000000   1.76000000 -614.65496044     0.68426       0.10310      -0.21963
   2.34000000   1.78000000 -614.65394455     0.69983       0.10647      -0.20644
   2.34000000   1.80000000 -614.65301937     0.71739       0.11019      -0.19350
   2.34000000   1.82000000 -614.65219588     0.73665       0.11416      -0.18104
   2.34000000   1.84000000 -614.65148126     0.75782       0.11857      -0.16786
   2.34000000   1.86000000 -614.65087875     0.78036       0.12328      -0.15439
   2.34000000   1.88000000 -614.65038809     0.80401       0.12824      -0.14048
   2.34000000   1.90000000 -614.65000620     0.82924       0.13354      -0.12648
   2.36000000   1.40000000 -614.66482529     0.64300       0.07938      -0.55885
   2.36000000   1.42000000 -614.66599932     0.63731       0.07952      -0.53871
   2.36000000   1.44000000 -614.66676337     0.63144       0.07948      -0.52034
   2.36000000   1.46000000 -614.66716833     0.62645       0.07953      -0.50224
   2.36000000   1.48000000 -614.66726088     0.62242       0.07969      -0.48443
   2.36000000   1.50000000 -614.66708389     0.61934       0.07998      -0.46688
   2.36000000   1.52000000 -614.66667769     0.61522       0.07990      -0.45083
   2.36000000   1.54000000 -614.66607581     0.61591       0.08085      -0.43274
   2.36000000   1.56000000 -614.66531404     0.61420       0.08120      -0.41711
   2.36000000   1.58000000 -614.66442008     0.61681       0.08247      -0.39967
   2.36000000   1.60000000 -614.66342439     0.61740       0.08323      -0.38471
   2.36000000   1.62000000 -614.66235089     0.62057       0.08452      -0.36868
   2.36000000   1.64000000 -614.66122436     0.62530       0.08604      -0.35341
   2.36000000   1.66000000 -614.66006759     0.63144       0.08780      -0.33856
   2.36000000   1.68000000 -614.65890216     0.63911       0.08980      -0.32412
   2.36000000   1.70000000 -614.65774869     0.64843       0.09207      -0.31011
   2.36000000   1.72000000 -614.65662681     0.65951       0.09464      -0.29653
   2.36000000   1.74000000 -614.65555524     0.67271       0.09756      -0.28345
   2.36000000   1.76000000 -614.65455160     0.68766       0.10079      -0.27063
   2.36000000   1.78000000 -614.65363207     0.70511       0.10448      -0.25759
   2.36000000   1.80000000 -614.65281052     0.72391       0.10838      -0.24526
   2.36000000   1.82000000 -614.65209751     0.74461       0.11263      -0.23291
   2.36000000   1.84000000 -614.65149935     0.76645       0.11706      -0.22056
   2.36000000   1.86000000 -614.65101803     0.79003       0.12191      -0.20723
   2.36000000   1.88000000 -614.65065167     0.81452       0.12700      -0.19322
   2.36000000   1.90000000 -614.65039541     0.83960       0.13224      -0.17839
   2.38000000   1.40000000 -614.66353269     0.63741       0.07626      -0.59761
   2.38000000   1.42000000 -614.66473111     0.63193       0.07641      -0.57811
   2.38000000   1.44000000 -614.66552121     0.62631       0.07637      -0.56041
   2.38000000   1.46000000 -614.66595404     0.62157       0.07642      -0.54297
   2.38000000   1.48000000 -614.66607649     0.61781       0.07660      -0.52580
   2.38000000   1.50000000 -614.66593261     0.61291       0.07637      -0.51029
   2.38000000   1.52000000 -614.66555942     0.61300       0.07721      -0.49241
   2.38000000   1.54000000 -614.66499517     0.61242       0.07785      -0.47599
   2.38000000   1.56000000 -614.66427394     0.61089       0.07817      -0.46120
   2.38000000   1.58000000 -614.66342361     0.61393       0.07948      -0.44428
   2.38000000   1.60000000 -614.66247527     0.61502       0.08027      -0.43013
   2.38000000   1.62000000 -614.66145318     0.61903       0.08162      -0.41515
   2.38000000   1.64000000 -614.66038258     0.62403       0.08319      -0.40020
   2.38000000   1.66000000 -614.65928672     0.63086       0.08502      -0.38609
   2.38000000   1.68000000 -614.65818771     0.63932       0.08711      -0.37242
   2.38000000   1.70000000 -614.65710665     0.64952       0.08949      -0.35920
   2.38000000   1.72000000 -614.65606373     0.66157       0.09218      -0.34642
   2.38000000   1.74000000 -614.65507811     0.67560       0.09522      -0.33403
   2.38000000   1.76000000 -614.65416777     0.69196       0.09863      -0.32207
   2.38000000   1.78000000 -614.65334904     0.71082       0.10253      -0.30973
   2.38000000   1.80000000 -614.65263559     0.73085       0.10660      -0.29796
   2.38000000   1.82000000 -614.65203728     0.75273       0.11103      -0.28600
   2.38000000   1.84000000 -614.65155928     0.77542       0.11557      -0.27391
   2.38000000   1.86000000 -614.65120196     0.79989       0.12057      -0.26055
   2.38000000   1.88000000 -614.65096162     0.82507       0.12576      -0.24625
   2.38000000   1.90000000 -614.65083142     0.85060       0.13106      -0.23090
   2.40000000   1.40000000 -614.66223335     0.63181       0.07312      -0.63682
   2.40000000   1.42000000 -614.66345673     0.62656       0.07327      -0.61797
   2.40000000   1.44000000 -614.66427351     0.62119       0.07323      -0.60097
   2.40000000   1.46000000 -614.66473496     0.61670       0.07329      -0.58421
   2.40000000   1.48000000 -614.66488913     0.61099       0.07293      -0.56930
   2.40000000   1.50000000 -614.66477672     0.61046       0.07366      -0.55166
   2.40000000   1.52000000 -614.66443949     0.60923       0.07417      -0.53558
   2.40000000   1.54000000 -614.66391487     0.60691       0.07431      -0.52130
   2.40000000   1.56000000 -614.66323382     0.60930       0.07548      -0.50461
   2.40000000   1.58000000 -614.66242999     0.60959       0.07609      -0.49091
   2.40000000   1.60000000 -614.66153008     0.61282       0.07727      -0.47626
   2.40000000   1.62000000 -614.66056141     0.61731       0.07868      -0.46202
   2.40000000   1.64000000 -614.65954904     0.62291       0.08032      -0.44778
   2.40000000   1.66000000 -614.65851672     0.63048       0.08223      -0.43446
   2.40000000   1.68000000 -614.65748708     0.63977       0.08442      -0.42160
   2.40000000   1.70000000 -614.65648176     0.65089       0.08691      -0.40920
   2.40000000   1.72000000 -614.65552146     0.66397       0.08974      -0.39724
   2.40000000   1.74000000 -614.65462579     0.67912       0.09292      -0.38565
   2.40000000   1.76000000 -614.65381300     0.69640       0.09647      -0.37434
   2.40000000   1.78000000 -614.65309942     0.71611       0.10043      -0.36322
   2.40000000   1.80000000 -614.65249828     0.73817       0.10487      -0.35147
   2.40000000   1.82000000 -614.65201847     0.76116       0.10946      -0.33978
   2.40000000   1.84000000 -614.65166363     0.78462       0.11412      -0.32772
   2.40000000   1.86000000 -614.65143226     0.80985       0.11923      -0.31413
   2.40000000   1.88000000 -614.65131861     0.83554       0.12450      -0.29934
   2.40000000   1.90000000 -614.65131381     0.86247       0.13009      -0.28350
   2.42000000   1.40000000 -614.66092942     0.62622       0.06996      -0.67649
   2.42000000   1.42000000 -614.66217834     0.62120       0.07010      -0.65831
   2.42000000   1.44000000 -614.66302247     0.61607       0.07006      -0.64202
   2.42000000   1.46000000 -614.66351429     0.60950       0.06956      -0.62776
   2.42000000   1.48000000 -614.66369843     0.60833       0.07020      -0.61039
   2.42000000   1.50000000 -614.66362035     0.60643       0.07058      -0.59469
   2.42000000   1.52000000 -614.66332099     0.60331       0.07055      -0.58097
   2.42000000   1.54000000 -614.66283465     0.60503       0.07158      -0.56453
   2.42000000   1.56000000 -614.66219793     0.60453       0.07200      -0.55131
   2.42000000   1.58000000 -614.66143957     0.60842       0.07338      -0.53557
   2.42000000   1.60000000 -614.66059129     0.61055       0.07425      -0.52314
   2.42000000   1.62000000 -614.65967817     0.61572       0.07572      -0.50966
   2.42000000   1.64000000 -614.65872644     0.62196       0.07742      -0.49616
   2.42000000   1.66000000 -614.65776037     0.63031       0.07942      -0.48367
   2.42000000   1.68000000 -614.65680315     0.64047       0.08171      -0.47165
   2.42000000   1.70000000 -614.65587700     0.65257       0.08433      -0.46009
   2.42000000   1.72000000 -614.65500308     0.66672       0.08730      -0.44896
   2.42000000   1.74000000 -614.65420138     0.68304       0.09065      -0.43817
   2.42000000   1.76000000 -614.65349035     0.70154       0.09438      -0.42758
   2.42000000   1.78000000 -614.65288610     0.72271       0.09840      -0.41872
   2.42000000   1.80000000 -614.65240114     0.74583       0.10316      -0.40566
   2.42000000   1.82000000 -614.65204301     0.76984       0.10792      -0.39406
   2.42000000   1.84000000 -614.65181353     0.79501       0.11293      -0.38147
   2.42000000   1.86000000 -614.65170907     0.81976       0.11790      -0.36776
   2.42000000   1.88000000 -614.65172172     0.84693       0.12348      -0.35231
   2.42000000   1.90000000 -614.65184060     0.87286       0.12886      -0.33549
   2.44000000   1.40000000 -614.65962208     0.62034       0.06678      -0.71582
   2.44000000   1.42000000 -614.66089791     0.61422       0.06637      -0.70078
   2.44000000   1.44000000 -614.66177010     0.60981       0.06654      -0.68479
   2.44000000   1.46000000 -614.66229108     0.60553       0.06640      -0.66975
   2.44000000   1.48000000 -614.66250835     0.60257       0.06680      -0.65475
   2.44000000   1.50000000 -614.66246549     0.60085       0.06705      -0.63985
   2.44000000   1.52000000 -614.66220300     0.60018       0.06870      -0.62507
   2.44000000   1.54000000 -614.66175852     0.60046       0.06801      -0.61085
   2.44000000   1.56000000 -614.66116556     0.60192       0.06883      -0.59739
   2.44000000   1.58000000 -614.66045651     0.60497       0.06986      -0.58348
   2.44000000   1.60000000 -614.65966019     0.60949       0.07100      -0.56998
   2.44000000   1.62000000 -614.65880485     0.61487       0.07276      -0.55769
   2.44000000   1.64000000 -614.65791633     0.62185       0.07492      -0.54495
   2.44000000   1.66000000 -614.65701935     0.63093       0.07671      -0.53325
   2.44000000   1.68000000 -614.65613695     0.64227       0.07823      -0.52239
   2.44000000   1.70000000 -614.65529439     0.65520       0.08200      -0.51130
   2.44000000   1.72000000 -614.65451072     0.67056       0.08463      -0.50091
   2.44000000   1.74000000 -614.65380706     0.68821       0.08816      -0.49097
   2.44000000   1.76000000 -614.65320155     0.70782       0.09222      -0.48072
   2.44000000   1.78000000 -614.65271088     0.73012       0.09694      -0.47259
   2.44000000   1.80000000 -614.65234473     0.75335       0.10196      -0.46002
   2.44000000   1.82000000 -614.65211128     0.77902       0.10660      -0.44786
   2.44000000   1.84000000 -614.65200868     0.80518       0.11228      -0.43531
   2.44000000   1.86000000 -614.65203070     0.83110       0.11703      -0.42041
   2.44000000   1.88000000 -614.65216820     0.85720       0.12245      -0.40425
   2.44000000   1.90000000 -614.65240833     0.88329       0.12833      -0.38657
   2.46000000   1.40000000 -614.65831182     0.61401       0.06341      -0.75662
   2.46000000   1.42000000 -614.65961407     0.60857       0.06330      -0.74124
   2.46000000   1.44000000 -614.66051497     0.60464       0.06334      -0.72711
   2.46000000   1.46000000 -614.66106689     0.60068       0.06312      -0.71272
   2.46000000   1.48000000 -614.66131747     0.59807       0.06369      -0.69834
   2.46000000   1.50000000 -614.66131071     0.59667       0.06366      -0.68424
   2.46000000   1.52000000 -614.66108746     0.59573       0.06421      -0.67074
   2.46000000   1.54000000 -614.66068508     0.59704       0.06497      -0.65681
   2.46000000   1.56000000 -614.66013839     0.59904       0.06568      -0.64383
   2.46000000   1.58000000 -614.65947943     0.60245       0.06720      -0.63075
   2.46000000   1.60000000 -614.65873805     0.60730       0.06825      -0.61870
   2.46000000   1.62000000 -614.65794186     0.61373       0.06876      -0.60711
   2.46000000   1.64000000 -614.65711979     0.62115       0.07174      -0.59474
   2.46000000   1.66000000 -614.65629477     0.63131       0.07415      -0.58421
   2.46000000   1.68000000 -614.65549203     0.64330       0.07632      -0.57377
   2.46000000   1.70000000 -614.65473451     0.65770       0.07796      -0.56368
   2.46000000   1.72000000 -614.65404505     0.67427       0.08256      -0.55402
   2.46000000   1.74000000 -614.65344369     0.69262       0.08718      -0.54494
   2.46000000   1.76000000 -614.65294837     0.71366       0.09016      -0.53486
   2.46000000   1.78000000 -614.65257372     0.73739       0.09453      -0.52726
   2.46000000   1.80000000 -614.65233085     0.76173       0.10027      -0.51512
   2.46000000   1.82000000 -614.65222256     0.78844       0.10545      -0.50280
   2.46000000   1.84000000 -614.65224618     0.81446       0.11014      -0.48880
   2.46000000   1.86000000 -614.65239427     0.84078       0.11566      -0.47348
   2.46000000   1.88000000 -614.65265435     0.86723       0.12121      -0.45633
   2.46000000   1.90000000 -614.65301141     0.89231       0.12652      -0.43689
   2.48000000   1.40000000 -614.65699757     0.60846       0.06016      -0.79765
   2.48000000   1.42000000 -614.65832715     0.60325       0.06009      -0.78308
   2.48000000   1.44000000 -614.65925747     0.59920       0.06017      -0.76876
   2.48000000   1.46000000 -614.65984112     0.59583       0.05981      -0.75625
   2.48000000   1.48000000 -614.66012585     0.59401       0.06020      -0.74216
   2.48000000   1.50000000 -614.66015629     0.59248       0.06057      -0.72914
   2.48000000   1.52000000 -614.65997329     0.59217       0.06072      -0.71644
   2.48000000   1.54000000 -614.65961425     0.59450       0.06161      -0.70268
   2.48000000   1.56000000 -614.65911561     0.59612       0.06238      -0.69121
   2.48000000   1.58000000 -614.65850846     0.60004       0.06346      -0.67896
   2.48000000   1.60000000 -614.65782440     0.60510       0.06497      -0.66786
   2.48000000   1.62000000 -614.65709118     0.61233       0.06662      -0.65688
   2.48000000   1.64000000 -614.65633684     0.62076       0.06916      -0.64570
   2.48000000   1.66000000 -614.65558680     0.63167       0.07110      -0.63577
   2.48000000   1.68000000 -614.65486618     0.64461       0.07334      -0.62647
   2.48000000   1.70000000 -614.65419844     0.66023       0.07632      -0.61687
   2.48000000   1.72000000 -614.65360724     0.67783       0.08067      -0.60860
   2.48000000   1.74000000 -614.65311153     0.69773       0.08441      -0.59998
   2.48000000   1.76000000 -614.65272920     0.72056       0.08841      -0.59297
   2.48000000   1.78000000 -614.65247451     0.74443       0.09344      -0.58322
   2.48000000   1.80000000 -614.65235559     0.76972       0.09857      -0.56969
   2.48000000   1.82000000 -614.65237368     0.79584       0.10326      -0.55768
   2.48000000   1.84000000 -614.65252388     0.82379       0.10865      -0.54301
   2.48000000   1.86000000 -614.65279569     0.85019       0.11530      -0.52619
   2.48000000   1.88000000 -614.65317468     0.87597       0.12008      -0.50782
   2.48000000   1.90000000 -614.65364539     0.90074       0.12584      -0.48716
   2.50000000   1.40000000 -614.65567870     0.60293       0.05689      -0.83922
   2.50000000   1.42000000 -614.65703625     0.59796       0.05685      -0.82542
   2.50000000   1.44000000 -614.65799673     0.59416       0.05692      -0.81186
   2.50000000   1.46000000 -614.65861296     0.59062       0.05658      -0.79912
   2.50000000   1.48000000 -614.65893296     0.58949       0.05703      -0.78696
   2.50000000   1.50000000 -614.65900149     0.58835       0.05706      -0.77478
   2.50000000   1.52000000 -614.65886004     0.58855       0.05749      -0.76267
   2.50000000   1.54000000 -614.65854658     0.59058       0.05838      -0.75022
   2.50000000   1.56000000 -614.65809692     0.59325       0.05951      -0.73907
   2.50000000   1.58000000 -614.65754393     0.59765       0.06067      -0.72802
   2.50000000   1.60000000 -614.65691872     0.60350       0.06192      -0.71756
   2.50000000   1.62000000 -614.65625036     0.61063       0.06359      -0.70667
   2.50000000   1.64000000 -614.65556710     0.62056       0.06596      -0.69728
   2.50000000   1.66000000 -614.65489473     0.63266       0.06789      -0.68867
   2.50000000   1.68000000 -614.65426036     0.64655       0.07116      -0.67974
   2.50000000   1.70000000 -614.65368600     0.66341       0.07337      -0.67150
   2.50000000   1.72000000 -614.65319587     0.68247       0.07747      -0.66286
   2.50000000   1.74000000 -614.65280942     0.70331       0.08220      -0.65490
   2.50000000   1.76000000 -614.65254427     0.72715       0.08682      -0.64862
   2.50000000   1.78000000 -614.65241156     0.75214       0.09166      -0.63868
   2.50000000   1.80000000 -614.65241763     0.77786       0.09604      -0.62491
   2.50000000   1.82000000 -614.65256203     0.80458       0.10213      -0.61177
   2.50000000   1.84000000 -614.65283671     0.83254       0.10770      -0.59605
   2.50000000   1.86000000 -614.65322886     0.85918       0.11238      -0.57790
   2.50000000   1.88000000 -614.65372304     0.88397       0.11873      -0.55792
   2.50000000   1.90000000 -614.65430294     0.90915       0.12404      -0.53631
   2.52000000   1.40000000 -614.65435445     0.59745       0.05363      -0.88123
   2.52000000   1.42000000 -614.65574066     0.59270       0.05356      -0.86827
   2.52000000   1.44000000 -614.65673217     0.58869       0.05339      -0.85587
   2.52000000   1.46000000 -614.65738174     0.58591       0.05348      -0.84349
   2.52000000   1.48000000 -614.65773808     0.58413       0.05355      -0.83150
   2.52000000   1.50000000 -614.65784598     0.58359       0.05389      -0.81971
   2.52000000   1.52000000 -614.65774718     0.58527       0.05453      -0.80930
   2.52000000   1.54000000 -614.65748059     0.58697       0.05506      -0.79853
   2.52000000   1.56000000 -614.65708189     0.59038       0.05610      -0.78789
   2.52000000   1.58000000 -614.65658465     0.59574       0.05745      -0.77744
   2.52000000   1.60000000 -614.65602102     0.60173       0.05872      -0.76826
   2.52000000   1.62000000 -614.65541988     0.60998       0.06038      -0.75781
   2.52000000   1.64000000 -614.65481047     0.62067       0.06254      -0.74960
   2.52000000   1.66000000 -614.65421989     0.63340       0.06588      -0.74123
   2.52000000   1.68000000 -614.65367429     0.64892       0.06876      -0.73344
   2.52000000   1.70000000 -614.65319761     0.66617       0.07303      -0.72596
   2.52000000   1.72000000 -614.65281266     0.68655       0.07601      -0.71827
   2.52000000   1.74000000 -614.65253868     0.70848       0.08141      -0.71037
   2.52000000   1.76000000 -614.65239217     0.73370       0.08492      -0.70453
   2.52000000   1.78000000 -614.65238270     0.75991       0.08951      -0.69367
   2.52000000   1.80000000 -614.65251438     0.78634       0.09449      -0.67956
   2.52000000   1.82000000 -614.65278355     0.81281       0.10038      -0.66554
   2.52000000   1.84000000 -614.65317991     0.84025       0.10754      -0.64851
   2.52000000   1.86000000 -614.65368974     0.86659       0.11235      -0.62863
   2.52000000   1.88000000 -614.65429444     0.89186       0.11700      -0.60754
   2.52000000   1.90000000 -614.65497760     0.91600       0.12252      -0.58454
   2.54000000   1.40000000 -614.65302449     0.59201       0.05034      -0.92381
   2.54000000   1.42000000 -614.65444007     0.58748       0.05026      -0.91165
   2.54000000   1.44000000 -614.65546330     0.58380       0.05021      -0.89996
   2.54000000   1.46000000 -614.65614724     0.58160       0.05041      -0.88818
   2.54000000   1.48000000 -614.65654095     0.57957       0.05014      -0.87752
   2.54000000   1.50000000 -614.65668948     0.57981       0.05082      -0.86588
   2.54000000   1.52000000 -614.65663484     0.58073       0.05102      -0.85570
   2.54000000   1.54000000 -614.65641656     0.58341       0.05170      -0.84723
   2.54000000   1.56000000 -614.65607069     0.58775       0.05298      -0.83718
   2.54000000   1.58000000 -614.65563162     0.59298       0.05419      -0.82817
   2.54000000   1.60000000 -614.65513081     0.60006       0.05506      -0.81823
   2.54000000   1.62000000 -614.65460041     0.60917       0.05770      -0.81003
   2.54000000   1.64000000 -614.65406822     0.62070       0.05997      -0.80245
   2.54000000   1.66000000 -614.65356182     0.63509       0.06202      -0.79505
   2.54000000   1.68000000 -614.65310854     0.65135       0.06568      -0.78834
   2.54000000   1.70000000 -614.65273286     0.66996       0.06947      -0.78215
   2.54000000   1.72000000 -614.65245624     0.69113       0.07340      -0.77456
   2.54000000   1.74000000 -614.65229751     0.71575       0.07720      -0.76879
   2.54000000   1.76000000 -614.65227168     0.74056       0.08271      -0.76000
   2.54000000   1.78000000 -614.65238689     0.76731       0.08794      -0.74929
   2.54000000   1.80000000 -614.65264280     0.79352       0.09372      -0.73371
   2.54000000   1.82000000 -614.65303531     0.82109       0.09931      -0.71842
   2.54000000   1.84000000 -614.65354989     0.84734       0.10486      -0.69953
   2.54000000   1.86000000 -614.65417171     0.87438       0.10981      -0.67860
   2.54000000   1.88000000 -614.65488265     0.89883       0.11536      -0.65581
   2.54000000   1.90000000 -614.65566500     0.92283       0.12088      -0.63087
   2.56000000   1.40000000 -614.65168908     0.58662       0.04706      -0.96684
   2.56000000   1.42000000 -614.65313474     0.58274       0.04700      -0.95518
   2.56000000   1.44000000 -614.65419059     0.57937       0.04708      -0.94416
   2.56000000   1.46000000 -614.65490996     0.57661       0.04694      -0.93403
   2.56000000   1.48000000 -614.65534198     0.57585       0.04729      -0.92331
   2.56000000   1.50000000 -614.65553237     0.57596       0.04774      -0.91320
   2.56000000   1.52000000 -614.65552363     0.57660       0.04793      -0.90408
   2.56000000   1.54000000 -614.65535498     0.57996       0.04842      -0.89454
   2.56000000   1.56000000 -614.65506278     0.58435       0.04925      -0.88554
   2.56000000   1.58000000 -614.65468490     0.59036       0.05091      -0.87749
   2.56000000   1.60000000 -614.65425081     0.59827       0.05229      -0.87010
   2.56000000   1.62000000 -614.65379251     0.60865       0.05435      -0.86284
   2.56000000   1.64000000 -614.65334021     0.62137       0.05699      -0.85620
   2.56000000   1.66000000 -614.65292217     0.63757       0.05964      -0.85391
   2.56000000   1.68000000 -614.65256450     0.65437       0.06252      -0.84374
   2.56000000   1.70000000 -614.65229265     0.67394       0.06689      -0.83756
   2.56000000   1.72000000 -614.65212800     0.69715       0.07204      -0.83320
   2.56000000   1.74000000 -614.65208670     0.72151       0.07523      -0.82532
   2.56000000   1.76000000 -614.65218360     0.74745       0.08135      -0.81549
   2.56000000   1.78000000 -614.65242238     0.77458       0.08656      -0.80414
   2.56000000   1.80000000 -614.65280156     0.80131       0.09188      -0.78762
   2.56000000   1.82000000 -614.65331274     0.82840       0.09737      -0.77051
   2.56000000   1.84000000 -614.65394220     0.85492       0.10256      -0.74994
   2.56000000   1.86000000 -614.65467176     0.88074       0.10893      -0.72767
   2.56000000   1.88000000 -614.65548358     0.90534       0.11392      -0.70296
   2.56000000   1.90000000 -614.65635919     0.92736       0.11968      -0.67672
   2.58000000   1.40000000 -614.65034900     0.58130       0.04377      -1.01037
   2.58000000   1.42000000 -614.65182558     0.57768       0.04383      -0.99944
   2.58000000   1.44000000 -614.65291493     0.57448       0.04380      -0.98953
   2.58000000   1.46000000 -614.65367068     0.57241       0.04387      -0.97979
   2.58000000   1.48000000 -614.65414235     0.57156       0.04409      -0.97027
   2.58000000   1.50000000 -614.65437591     0.57200       0.04448      -0.96105
   2.58000000   1.52000000 -614.65441431     0.57299       0.04463      -0.95289
   2.58000000   1.54000000 -614.65429739     0.57683       0.04521      -0.94420
   2.58000000   1.56000000 -614.65406305     0.58124       0.04623      -0.93670
   2.58000000   1.58000000 -614.65374618     0.58858       0.04757      -0.92909
   2.58000000   1.60000000 -614.65338072     0.59692       0.04930      -0.92276
   2.58000000   1.62000000 -614.65299794     0.60853       0.05128      -0.91641
   2.58000000   1.64000000 -614.65262891     0.62194       0.05383      -0.91080
   2.58000000   1.66000000 -614.65230188     0.63927       0.05693      -0.90971
   2.58000000   1.68000000 -614.65204381     0.65806       0.06066      -0.90314
   2.58000000   1.70000000 -614.65187899     0.67904       0.06442      -0.89710
   2.58000000   1.72000000 -614.65182869     0.70220       0.06934      -0.89022
   2.58000000   1.74000000 -614.65190740     0.72729       0.07453      -0.88161
   2.58000000   1.76000000 -614.65212630     0.75398       0.07994      -0.87055
   2.58000000   1.78000000 -614.65248707     0.78129       0.08454      -0.85795
   2.58000000   1.80000000 -614.65298703     0.80822       0.09039      -0.84021
   2.58000000   1.82000000 -614.65361488     0.83506       0.09664      -0.82111
   2.58000000   1.84000000 -614.65435333     0.86097       0.10130      -0.79970
   2.58000000   1.86000000 -614.65518603     0.88571       0.10723      -0.77560
   2.58000000   1.88000000 -614.65609305     0.90927       0.11364      -0.74967
   2.58000000   1.90000000 -614.65705664     0.93212       0.11784      -0.72205
   2.60000000   1.40000000 -614.64900547     0.57601       0.04043      -1.05443
   2.60000000   1.42000000 -614.65051380     0.57264       0.04050      -1.04431
   2.60000000   1.44000000 -614.65163761     0.56967       0.04047      -1.03531
   2.60000000   1.46000000 -614.65243083     0.56787       0.04054      -1.02647
   2.60000000   1.48000000 -614.65294331     0.56732       0.04073      -1.01787
   2.60000000   1.50000000 -614.65322143     0.56809       0.04110      -1.00956
   2.60000000   1.52000000 -614.65330852     0.57029       0.04169      -1.00165
   2.60000000   1.54000000 -614.65324520     0.57328       0.04208      -0.99487
   2.60000000   1.56000000 -614.65306943     0.57930       0.04299      -0.98765
   2.60000000   1.58000000 -614.65281738     0.58670       0.04470      -0.98136
   2.60000000   1.60000000 -614.65252300     0.59589       0.04605      -0.97607
   2.60000000   1.62000000 -614.65221888     0.60830       0.04853      -0.97063
   2.60000000   1.64000000 -614.65193613     0.62420       0.05096      -0.97077
   2.60000000   1.66000000 -614.65170332     0.64160       0.05396      -0.96505
   2.60000000   1.68000000 -614.65154815     0.66123       0.05824      -0.95968
   2.60000000   1.70000000 -614.65149392     0.68330       0.06248      -0.95329
   2.60000000   1.72000000 -614.65155954     0.70778       0.06689      -0.94656
   2.60000000   1.74000000 -614.65175920     0.73362       0.07267      -0.93766
   2.60000000   1.76000000 -614.65209968     0.76062       0.07730      -0.92545
   2.60000000   1.78000000 -614.65258196     0.78848       0.08315      -0.91154
   2.60000000   1.80000000 -614.65319822     0.81480       0.08918      -0.89192
   2.60000000   1.82000000 -614.65393683     0.84134       0.09452      -0.87121
   2.60000000   1.84000000 -614.65478084     0.86689       0.10054      -0.84798
   2.60000000   1.86000000 -614.65571084     0.89122       0.10591      -0.82204
   2.60000000   1.88000000 -614.65670830     0.91443       0.11150      -0.79426
   2.60000000   1.90000000 -614.65775514     0.93641       0.11742      -0.76517
