 180.00000000 -1798.16949020 	   0.27163      -0.46748       0.34143
 175.00000000 -1798.16960962 	   0.23543      -0.46536       0.38220
 170.00000000 -1798.16959900 	   0.19476      -0.45679       0.41608
 165.00000000 -1798.16943112 	   0.15904      -0.45591       0.45390
 160.00000000 -1798.16913860 	   0.12159      -0.45236       0.49016
 155.00000000 -1798.16875906 	   0.07603      -0.43843       0.52132
 150.00000000 -1798.16830133 	   0.03513      -0.42975       0.55562
 145.00000000 -1798.16779520 	  -0.00899      -0.41728       0.58817
 140.00000000 -1798.16726856 	  -0.05459      -0.40278       0.61932
 135.00000000 -1798.16673259 	  -0.10291      -0.38472       0.64870
 130.00000000 -1798.16621304 	  -0.15278      -0.36534       0.67664
 125.00000000 -1798.16570241 	  -0.20443      -0.34333       0.70304
 120.00000000 -1798.16520828 	  -0.25490      -0.32288       0.73040
 115.00000000 -1798.16474642 	  -0.30348      -0.30418       0.75937
 110.00000000 -1798.16433036 	  -0.34900      -0.28823       0.79083
 105.00000000 -1798.16397790 	  -0.39059      -0.27579       0.82502
 100.00000000 -1798.16371332 	  -0.42762      -0.26756       0.86154
  95.00000000 -1798.16353503 	  -0.46013      -0.26341       0.89955
  90.00000000 -1798.16349431 	  -0.48829      -0.26312       0.93836
  85.00000000 -1798.16354395 	  -0.51307      -0.26599       0.97578
  80.00000000 -1798.16369450 	  -0.53663      -0.26987       1.01014
  75.00000000 -1798.16393510 	  -0.56130      -0.27186       1.03980
  70.00000000 -1798.16425313 	  -0.59012      -0.26924       1.06324
  65.00000000 -1798.16465937 	  -0.62545      -0.25946       1.07906
  60.00000000 -1798.16516134 	  -0.66622      -0.24280       1.08861
  55.00000000 -1798.16572086 	  -0.70214      -0.22989       1.09867
  50.00000000 -1798.16633057 	  -0.72760      -0.22707       1.11279
  45.00000000 -1798.16694768 	  -0.75025      -0.22541       1.12601
  40.00000000 -1798.16754612 	  -0.77241      -0.22280       1.13654
  35.00000000 -1798.16809787 	  -0.79784      -0.21514       1.14199
  30.00000000 -1798.16862701 	  -0.82674      -0.20188       1.14240
  25.00000000 -1798.16912267 	  -0.85786      -0.18345       1.13821
  20.00000000 -1798.16955343 	  -0.86916      -0.18476       1.14700
  15.00000000 -1798.16986337 	  -0.87663      -0.18780       1.15811
  10.00000000 -1798.17001467 	  -0.87978      -0.19432       1.16918
   5.00000000 -1798.16998063 	  -0.88053      -0.20216       1.18048
   0.00000000 -1798.16980280 	  -0.88252      -0.20722       1.18954
